uid: beesem_l10_R1
encoding: GTAAACA
motif length: 7
chemical potential and its standard deviation: -2.504 (0.038)
PWM and its standard deviation:
A	C	G	T
0.476 (0.005)	1.634 (0.012)	0.000 (0.000)	2.303 (0.020)
1.616 (0.010)	1.840 (0.013)	2.322 (0.018)	0.000 (0.000)
0.000 (0.000)	0.781 (0.005)	2.645 (0.024)	2.564 (0.022)
0.000 (0.000)	1.665 (0.011)	2.580 (0.021)	1.951 (0.013)
0.000 (0.000)	2.588 (0.021)	2.234 (0.017)	2.261 (0.017)
2.577 (0.022)	0.000 (0.000)	2.626 (0.023)	0.930 (0.006)
0.000 (0.000)	2.529 (0.020)	2.415 (0.019)	2.159 (0.016)
